30/12/2023,2023,52,14567,Sidus,0.00565896,0.00564474,-0.002512829,1.0
30/12/2023,2023,52,4702,Wrapped NXM,48.66,47.95,-0.01459104,2.0
30/12/2023,2023,52,5470,QANplatform,0.0296535,0.0242376,-0.182639486,3.0
30/12/2023,2023,52,15831,Everscale,0.0356285,0.051047,0.432757483,4.0
30/12/2023,2023,52,755,Constellation,0.068951,0.057037,-0.172789372,5.0
30/12/2023,2023,52,336,Bifrost,0.068005,0.061598,-0.094213661,6.0
30/12/2023,2023,52,770,COTI,0.07182,0.062159,-0.134516848,7.0
30/12/2023,2023,52,1169,STP Network,0.061588,0.056724,-0.078976424,8.0
30/12/2023,2023,52,12182,Gods Unchained,0.353392,0.335655,-0.050190723,9.0
30/12/2023,2023,52,2792,f(x) Coin,0.164626,0.162381,-0.013636971,10.0
30/12/2023,2023,52,13228,GuildFi,0.213042,0.189135,-0.112217309,11.0
30/12/2023,2023,52,21525,AllianceBlock Nexera,0.128317,0.139903,0.090292011,12.0
30/12/2023,2023,52,1086,WAX,0.069828,0.062738,-0.101535201,13.0
30/12/2023,2023,52,1259,Tellor,259.05,132.33,-0.489171975,14.0
30/12/2023,2023,52,17237,PLEARN,0.210333,0.161951,-0.230025721,15.0
30/12/2023,2023,52,17421,Evmos,0.130435,0.127075,-0.025759957,16.0
30/12/2023,2023,52,6350,SKALE,0.07114,0.080483,0.131332584,17.0
30/12/2023,2023,52,1041,Status,0.0456833,0.0401556,-0.121000453,18.0
30/12/2023,2023,52,3144,Orbs,0.0394565,0.0368051,-0.067198054,19.0
30/12/2023,2023,52,776,Covalent,0.240553,0.296557,0.232813559,20.0
30/12/2023,2023,52,3457,inSure,0.00490164,0.00463409,-0.054583772,21.0
30/12/2023,2023,52,382,Bitcoin Cash,272,236.94,-0.128897059,22.0
30/12/2023,2023,52,309,Beldex,0.0458234,0.0433022,-0.055019924,23.0
30/12/2023,2023,52,13246,ConstitutionDAO,0.0135392,0.0434367,2.20821762,24.0
30/12/2023,2023,52,15628,Pocket Network,0.146928,0.160642,0.093338234,25.0
30/12/2023,2023,52,14418,Vega Protocol,1.35,1.28,-0.051851852,26.0
30/12/2023,2023,52,15558,Goldfinch,1.23,1.31,0.06504065,27.0
30/12/2023,2023,52,649,Celsius Network,0.242004,0.205622,-0.150336358,28.0
30/12/2023,2023,52,11226,Songbird,0.00793402,0.00812742,0.024376041,29.0
30/12/2023,2023,52,211,Ardor,0.098923,0.097835,-0.010998453,30.0
30/12/2023,2023,52,947,DigiByte,0.00952248,0.00848023,-0.109451529,31.0
30/12/2023,2023,52,19861,Oasys,0.094997,0.115801,0.218996389,32.0
30/12/2023,2023,52,12273,VVS Finance,0.00000372,0.00000338,-0.091397849,33.0
30/12/2023,2023,52,1021,ICON,0.254407,0.244315,-0.03966872,34.0
30/12/2023,2023,52,13403,Cornucopias,0.094923,0.087984,-0.073101356,35.0
30/12/2023,2023,52,6691,Cobak Token,0.897895,0.852266,-0.050817746,36.0
30/12/2023,2023,52,204,Aragon,5.84,5.67,-0.029109589,37.0
30/12/2023,2023,52,1536,Hiveterminal token,0.362425,0.353265,-0.025274195,38.0
30/12/2023,2023,52,996,Maker,1588.82,1742.58,0.096776224,39.0
30/12/2023,2023,52,18696,Radiant Capital,0.301195,0.314263,0.043387174,40.0
30/12/2023,2023,52,986,Monero,165.56,153.77,-0.071212853,41.0
30/12/2023,2023,52,6583,Staked Ether,2299.28,2241.89,-0.024959987,42.0
30/12/2023,2023,52,18408,Kaspa,0.11756,0.107239,-0.087793467,43.0
30/12/2023,2023,52,10879,Lido Staked SOL,119.38,109.1,-0.086111576,44.0
30/12/2023,2023,52,8846,Gitcoin,1.42,1.19,-0.161971831,45.0
30/12/2023,2023,52,16660,Rollbit Coin,0.135078,0.132286,-0.020669539,46.0
30/12/2023,2023,52,5921,Audius,0.252113,0.198515,-0.212595146,47.0
30/12/2023,2023,52,979,XRP,0.624151,0.568117,-0.089776352,48.0
30/12/2023,2023,52,13193,Radix,0.0432967,0.0420417,-0.028986043,49.0
30/12/2023,2023,52,3159,ECOMI,0.00071344,0.00063122,-0.115244449,50.0
30/12/2023,2023,52,3756,JUST,0.0318414,0.0300332,-0.056787704,51.0
30/12/2023,2023,52,10910,Baby Doge Coin,1.408E-09,1.256E-09,-0.107954545,52.0
30/12/2023,2023,52,9795,Coin98,0.270628,0.235679,-0.12914037,53.0
30/12/2023,2023,52,18763,CANTO,0.332832,0.323221,-0.02887643,54.0
30/12/2023,2023,52,7176,DAO Maker,1.17,1.11,-0.051282051,55.0
30/12/2023,2023,52,9753,Loom Network (NEW),0.107688,0.099152,-0.079266028,56.0
30/12/2023,2023,52,3752,Cartesi,0.209516,0.205319,-0.020031883,57.0
30/12/2023,2023,52,8315,Mobox,0.366152,0.327379,-0.105893181,58.0
30/12/2023,2023,52,10897,Ribbon Finance,0.321481,0.327294,0.01808194,59.0
30/12/2023,2023,52,21173,ALEX Lab,0.316645,0.312486,-0.013134583,60.0
30/12/2023,2023,52,1235,Dock,0.0226873,0.0292231,0.288081878,61.0
30/12/2023,2023,52,5112,dKargo,0.0362253,0.0332332,-0.08259697,62.0
30/12/2023,2023,52,1038,Stratis,1015,1.2,-0.998817734,63.0
30/12/2023,2023,52,1110,DUSK Network,0.187665,0.165227,-0.119564117,64.0
30/12/2023,2023,52,13225,Boba Network,0.284424,0.24322,-0.144868225,65.0
30/12/2023,2023,52,8477,Mina Protocol (IOU),1.44,1.11,-0.229166667,66.0
30/12/2023,2023,52,18226,Bitcoin Avalanche Bridged (BTC.b),42267,43817,0.036671635,67.0
30/12/2023,2023,52,8144,AIOZ Network,0.135143,0.132087,-0.022613084,68.0
30/12/2023,2023,52,5613,Aave,112.4,99.87,-0.111476868,69.0
30/12/2023,2023,52,19291,0x0.ai: AI Smart Contract,0.144469,0.130426,-0.097204245,70.0
30/12/2023,2023,52,1095,Storj,0.724645,0.625255,-0.137156815,71.0
30/12/2023,2023,52,3213,XinFin,0.057334,0.051414,-0.103254613,72.0
30/12/2023,2023,52,10705,Star Atlas DAO,0.415452,0.409002,-0.015525259,73.0
30/12/2023,2023,52,6790,Escoin Token,0.690629,0.695608,0.00720937,74.0
30/12/2023,2023,52,1103,Gnosis,197.49,185.52,-0.060610664,75.0
30/12/2023,2023,52,1147,Storm,0.00851235,0.00793563,-0.067750974,76.0
30/12/2023,2023,52,528,Bluzelle,0.343788,0.337062,-0.019564383,77.0
30/12/2023,2023,52,188,Ankr,0.0289099,0.0257006,-0.111010415,78.0
30/12/2023,2023,52,1088,Power Ledger,0.394454,0.985725,1.498960589,79.0
30/12/2023,2023,52,1020,IOST,0.0100806,0.00890416,-0.116703371,80.0
30/12/2023,2023,52,291,Basic Attention Token,0.246709,0.231314,-0.062401453,81.0
30/12/2023,2023,52,6445,Badger DAO,4.14,3.53,-0.147342995,82.0
30/12/2023,2023,52,8844,Dogelon Mars,1.81969E-07,1.66886E-07,-0.082887745,83.0
30/12/2023,2023,52,376,Bitcoin,42285,43857,0.037176304,84.0
30/12/2023,2023,52,5923,Akash Network,2.27,2.97,0.308370044,85.0
30/12/2023,2023,52,21055,Access Protocol,0.0031127,0.00259787,-0.165396601,86.0
30/12/2023,2023,52,3747,Solana,103.6,94.43,-0.088513514,87.0
30/12/2023,2023,52,10102,Bitrise Token,1.96974E-07,1.67356E-07,-0.150365023,88.0
30/12/2023,2023,52,5619,DODO,0.20115,0.170192,-0.153905046,89.0
30/12/2023,2023,52,16387,STEPN,0.299918,0.339327,0.131399249,90.0
30/12/2023,2023,52,11258,Magic,1099,1018,-0.073703367,91.0
30/12/2023,2023,52,20281,Metaplex,0.38075,0.388244,0.019682206,92.0
30/12/2023,2023,52,7555,Radicle,1.73,1.69,-0.023121387,93.0
30/12/2023,2023,52,7234,JasmyCoin,0.00652045,0.00533967,-0.181088729,94.0
30/12/2023,2023,52,13226,Biconomy,0.38555,0.345223,-0.104596032,95.0
30/12/2023,2023,52,5518,Avalanche,39.65,34.67,-0.125598991,96.0
30/12/2023,2023,52,998,Dogecoin,0.090406,0.080938,-0.104727562,97.0
30/12/2023,2023,52,5302,Sun Token,0.00835247,0.00785636,-0.059396801,98.0
30/12/2023,2023,52,1187,MovieBloc,0.00482642,0.00457854,-0.051358978,99.0
30/12/2023,2023,52,10704,Star Atlas,0.00569678,0.00546165,-0.041274193,100.0
